
Painel Variáveis sem Lag
======================================================================
                                   Spreads de títulos de 10 anos      
                                (1)        (2)        (3)       (4)   
----------------------------------------------------------------------
fx_volatility                  0.001      0.003*     0.001     0.002  
                              (0.001)    (0.002)    (0.001)   (0.002) 
                                                                      
nominal_rate                  0.398***   0.432***  0.401***  0.402*** 
                              (0.078)    (0.092)    (0.074)   (0.095) 
                                                                      
taxes                          0.045      -0.031     0.038    -0.023  
                              (0.035)    (0.042)    (0.032)   (0.044) 
                                                                      
account_balance                0.017      0.018      0.038     0.020  
                              (0.037)    (0.042)    (0.037)   (0.042) 
                                                                      
lending_borroeing_rate       -0.193***  -0.207***  -0.230*** -0.207***
                              (0.070)    (0.077)    (0.068)   (0.079) 
                                                                      
unemployment                   0.071      0.222      0.083     0.164  
                              (0.132)    (0.152)    (0.135)   (0.151) 
                                                                      
inflation_mean                 0.108*     0.044      0.052     0.121  
                              (0.057)    (0.082)    (0.060)   (0.075) 
                                                                      
debt_to_GDP                    -0.040    -0.080*    -0.018    -0.069  
                              (0.034)    (0.043)    (0.036)   (0.044) 
                                                                      
real_interest_rate            0.068**     0.037     0.064**    0.039  
                              (0.032)    (0.036)    (0.030)   (0.037) 
                                                                      
Ep                             -0.029     -0.020    -0.003    -0.030  
                              (0.044)    (0.048)    (0.044)   (0.049) 
                                                                      
Sp                            0.147**     -0.011    0.164**   -0.071  
                              (0.072)    (0.086)    (0.069)   (0.090) 
                                                                      
Gp                             -0.060     -0.072    -0.058    -0.084  
                              (0.058)    (0.067)    (0.056)   (0.070) 
                                                                      
vix_EUA                       0.066***                         0.032  
                              (0.019)                         (0.022) 
                                                                      
lag_fx_volatility_1            0.0001     0.001     0.0004     0.001  
                              (0.001)    (0.002)    (0.001)   (0.002) 
                                                                      
lag_nominal_rate_1             -0.018     -0.033    -0.055    -0.046  
                              (0.097)    (0.112)    (0.091)   (0.118) 
                                                                      
lag_taxes_1                    0.039      0.052      0.056     0.032  
                              (0.040)    (0.056)    (0.036)   (0.058) 
                                                                      
lag_account_balance_1          -0.020     -0.058    -0.047    -0.047  
                              (0.035)    (0.045)    (0.035)   (0.044) 
                                                                      
lag_lending_borroeing_rate_1   -0.021     -0.033    -0.033     0.001  
                              (0.077)    (0.098)    (0.075)   (0.098) 
                                                                      
lag_unemployment_1             0.047      0.004      0.009     0.055  
                              (0.177)    (0.241)    (0.176)   (0.228) 
                                                                      
lag_inflation_mean_1           0.043      0.061      0.079     0.033  
                              (0.058)    (0.075)    (0.059)   (0.069) 
                                                                      
lag_debt_to_GDP_1              -0.021     -0.022    -0.032    -0.040  
                              (0.050)    (0.068)    (0.051)   (0.070) 
                                                                      
lag_real_interest_rate_1       0.015      -0.012     0.012    -0.009  
                              (0.034)    (0.042)    (0.034)   (0.042) 
                                                                      
lag_Ep_1                       0.041      0.025      0.019     0.029  
                              (0.049)    (0.060)    (0.048)   (0.061) 
                                                                      
lag_Sp_1                       0.085      0.052      0.052     0.074  
                              (0.083)    (0.102)    (0.082)   (0.106) 
                                                                      
lag_Gp_1                       -0.068     -0.084    -0.090    -0.059  
                              (0.069)    (0.089)    (0.068)   (0.090) 
                                                                      
lag_vix_EUA_1                  -0.008                         -0.007  
                              (0.020)                         (0.027) 
                                                                      
lag_fx_volatility_2           -0.00002   -0.0003    -0.001    0.0003  
                              (0.001)    (0.002)    (0.001)   (0.002) 
                                                                      
lag_nominal_rate_2             -0.089     -0.032    -0.082    -0.016  
                              (0.091)    (0.098)    (0.088)   (0.098) 
                                                                      
lag_taxes_2                    0.011      -0.003     0.007     0.001  
                              (0.041)    (0.056)    (0.039)   (0.058) 
                                                                      
lag_account_balance_2          -0.007     -0.007    -0.015     0.008  
                              (0.035)    (0.043)    (0.035)   (0.043) 
                                                                      
lag_lending_borroeing_rate_2   -0.009     -0.021     0.029    -0.086  
                              (0.078)    (0.100)    (0.077)   (0.099) 
                                                                      
lag_unemployment_2             -0.243     -0.252    -0.241    -0.225  
                              (0.167)    (0.226)    (0.167)   (0.216) 
                                                                      
lag_inflation_mean_2           0.083      0.055      0.071     0.008  
                              (0.057)    (0.072)    (0.059)   (0.065) 
                                                                      
lag_debt_to_GDP_2              0.058      0.034      0.036     0.072  
                              (0.048)    (0.065)    (0.048)   (0.067) 
                                                                      
lag_real_interest_rate_2       -0.011     -0.021    -0.015    -0.029  
                              (0.036)    (0.043)    (0.034)   (0.044) 
                                                                      
lag_Ep_2                       0.058      0.047     0.087*     0.033  
                              (0.047)    (0.057)    (0.045)   (0.059) 
                                                                      
lag_Sp_2                      -0.123*     -0.057    -0.060    -0.039  
                              (0.073)    (0.091)    (0.072)   (0.093) 
                                                                      
lag_Gp_2                       0.038      0.061      0.061     0.039  
                              (0.063)    (0.082)    (0.063)   (0.082) 
                                                                      
lag_vix_EUA_2                  0.011                           0.022  
                              (0.022)                         (0.029) 
                                                                      
lag_fx_volatility_3            -0.002     -0.002    -0.002    -0.001  
                              (0.001)    (0.002)    (0.001)   (0.002) 
                                                                      
lag_nominal_rate_3             0.109      0.107     0.123*     0.100  
                              (0.067)    (0.075)    (0.065)   (0.080) 
                                                                      
lag_taxes_3                    0.013      -0.004     0.025     0.008  
                              (0.033)    (0.042)    (0.031)   (0.043) 
                                                                      
lag_account_balance_3          -0.008     0.013      0.015    -0.007  
                              (0.031)    (0.035)    (0.030)   (0.035) 
                                                                      
lag_lending_borroeing_rate_3   0.083      -0.061     0.033     0.005  
                              (0.058)    (0.073)    (0.059)   (0.068) 
                                                                      
lag_unemployment_3            0.248**     0.138      0.187     0.122  
                              (0.121)    (0.132)    (0.122)   (0.135) 
                                                                      
lag_inflation_mean_3           0.014      -0.004    -0.027     0.043  
                              (0.052)    (0.068)    (0.052)   (0.065) 
                                                                      
lag_debt_to_GDP_3              0.012      0.059      0.036     0.026  
                              (0.033)    (0.037)    (0.032)   (0.039) 
                                                                      
lag_real_interest_rate_3       0.026      0.050      0.023     0.052  
                              (0.029)    (0.034)    (0.028)   (0.034) 
                                                                      
lag_Ep_3                       -0.013     -0.042    -0.013    -0.021  
                              (0.041)    (0.047)    (0.041)   (0.048) 
                                                                      
lag_Sp_3                       0.050      0.052      0.034     0.076  
                              (0.053)    (0.057)    (0.050)   (0.062) 
                                                                      
lag_Gp_3                       0.086*     0.071      0.066     0.074  
                              (0.050)    (0.059)    (0.051)   (0.060) 
                                                                      
lag_vix_EUA_3                 0.057***                         0.029  
                              (0.017)                         (0.021) 
                                                                      
Constant                                                     -4.857** 
                                                              (1.899) 
                                                                      
Country FE                      Yes         No        Yes       No    
Year FE                          No        Yes        Yes       No    
N                               208        208        208       208   
R2                             0.743      0.918      0.667     0.913  
Adjusted R2                    0.609      0.885      0.466     0.884  
======================================================================
Notes:                          ***Significant at the 1 percent level.
                                 **Significant at the 5 percent level.
                                 *Significant at the 10 percent level.
